144375196524503297821375997951698597364971949081954682811908270352930277805679038919036339002507557513711043440070226524386869424005423942935928033377756608317984908075039375201655358143284488369097406616855323114802512574014443628050694229685794252786200031223483138889336077080644923672521349758194971933043
152537936790243750769506888004918049608541319834039660438176461991436141829202409855437471660619416801624278061670649559564875874421417902453881760968546613114372424968554204192220462097669390834078521953550599810927139525332423043516711631984926003649276974210359544697684522212912872366813161968588374157669
154629623545696167477000979504916540274458594843274071262884255037686476162041039853775724222093592888451758459526939777921043765031230670596586288986164395609252703268890184170178737816343436889996727103305755449657048026989842821286236417993130296793379249626542313351835886359472468831808793417392613017823
164367077111002772806553725899848509869912344772424833107033805646039378510598796723449007218031063896097456892803601990881139758609878051453902974992565826079037475821419861201419965817085798623499106863538143346160938358702805513950828906564681025563416060698576037040458053993929267546078050350701662375379
164367077111002772806553725899848509869912344772424833107033805646039378510598796723449007218031063896097456892803601990881139758609878051453902974992565826079037475821419861201419965817085798623499106863538143346160938358702805513950828906564681025563416060698576037040458053993929267546078050350701662375641
164367077111002772806553725899848509869912344772424833107033805646039378510598796723449007218031063896097456892803601990881139758609878051453902974992565826079037475821419861201419965817085798623499106863538143346160938358702805513950828906564681025563416060698576037040458053993929267546078050350701662375709
164367077111002772806553725899848509869912344772424833107033805646039378510598796723449007218031063896097456892803601990881139758609878051453902974992565826079037475821419861201419965817085798623499106863538143346160938358702805513950828906564681025563416060698576037040458053993929267546078050350701662376543
164367077111002772806553725899848509869912344772424833107033805646039378510598796723449007218031063896097456892803601990881139758609878051453902974992565826079037475821419861201419965817085798623499106863538143346160938358702805513950828906564681025563416060698576037040458053993929267546078050350701662376663
164367077111002772806553725899848509869912344772424833107033805646039378510598796723449007218031063896097456892803601990881139758609878051453902974992565826079037475821419861201419965817085798623499106863538143346160938358702805513950828906564681025563416060698576037040458053993929267546078050350701662377333
164367077111002772806553725899848509869912344772424833107033805646039378510598796723449007218031063896097456892803601990881139758609878051453902974992565826079037475821419861201419965817085798623499106863538143346160938358702805513950828906564681025563416060698576037040458053993929267546078050350701662377377
164367077111002772806553725899848509869912344772424833107033805646039378510598796723449007218031063896097456892803601990881139758609878051453902974992565826079037475821419861201419965817085798623499106863538143346160938358702805513950828906564681025563416060698576037040458053993929267546078050350701662377629
164367077111002772806553725899848509869912344772424833107033805646039378510598796723449007218031063896097456892803601990881139758609878051453902974992565826079037475821419861201419965817085798623499106863538143346160938358702805513950828906564681025563416060698576037040458053993929267546078050350701662378539
164367077111002772806553725899848509869912344772424833107033805646039378510598796723449007218031063896097456892803601990881139758609878051453902974992565826079037475821419861201419965817085798623499106863538143346160938358702805513950828906564681025563416060698576037040458053993929267546078050350701662378931
164367077111002772806553725899848509869912344772424833107033805646039378510598796723449007218031063896097456892803601990881139758609878051453902974992565826079037475821419861201419965817085798623499106863538143346160938358702805513950828906564681025563416060698576037040458053993929267546078050350701662379253
164367077111002772806553725899848509869912344772424833107033805646039378510598796723449007218031063896097456892803601990881139758609878051453902974992565826079037475821419861201419965817085798623499106863538143346160938358702805513950828906564681025563416060698576037040458053993929267546078050350701662379943
164367077111002772806553725899848509869912344772424833107033805646039378510598796723449007218031063896097456892803601990881139758609878051453902974992565826079037475821419861201419965817085798623499106863538143346160938358702805513950828906564681025563416060698576037040458053993929267546078050350701662380329
164367077111002772806553725899848509869912344772424833107033805646039378510598796723449007218031063896097456892803601990881139758609878051453902974992565826079037475821419861201419965817085798623499106863538143346160938358702805513950828906564681025563416060698576037040458053993929267546078050350701662380447
164367077111002772806553725899848509869912344772424833107033805646039378510598796723449007218031063896097456892803601990881139758609878051453902974992565826079037475821419861201419965817085798623499106863538143346160938358702805513950828906564681025563416060698576037040458053993929267546078050350701662380609
164367077111002772806553725899848509869912344772424833107033805646039378510598796723449007218031063896097456892803601990881139758609878051453902974992565826079037475821419861201419965817085798623499106863538143346160938358702805513950828906564681025563416060698576037040458053993929267546078050350701662381961
164367077111002772806553725899848509869912344772424833107033805646039378510598796723449007218031063896097456892803601990881139758609878051453902974992565826079037475821419861201419965817085798623499106863538143346160938358702805513950828906564681025563416060698576037040458053993929267546078050350701662382219
164367077111002772806553725899848509869912344772424833107033805646039378510598796723449007218031063896097456892803601990881139758609878051453902974992565826079037475821419861201419965817085798623499106863538143346160938358702805513950828906564681025563416060698576037040458053993929267546078050350701662382529
164367077111002772806553725899848509869912344772424833107033805646039378510598796723449007218031063896097456892803601990881139758609878051453902974992565826079037475821419861201419965817085798623499106863538143346160938358702805513950828906564681025563416060698576037040458053993929267546078050350701662383263
164367077111002772806553725899848509869912344772424833107033805646039378510598796723449007218031063896097456892803601990881139758609878051453902974992565826079037475821419861201419965817085798623499106863538143346160938358702805513950828906564681025563416060698576037040458053993929267546078050350701662383299
164367077111002772806553725899848509869912344772424833107033805646039378510598796723449007218031063896097456892803601990881139758609878051453902974992565826079037475821419861201419965817085798623499106863538143346160938358702805513950828906564681025563416060698576037040458053993929267546078050350701662383821
164367077111002772806553725899848509869912344772424833107033805646039378510598796723449007218031063896097456892803601990881139758609878051453902974992565826079037475821419861201419965817085798623499106863538143346160938358702805513950828906564681025563416060698576037040458053993929267546078050350701662384013
164367077111002772806553725899848509869912344772424833107033805646039378510598796723449007218031063896097456892803601990881139758609878051453902974992565826079037475821419861201419965817085798623499106863538143346160938358702805513950828906564681025563416060698576037040458053993929267546078050350701662385351
164367077111002772806553725899848509869912344772424833107033805646039378510598796723449007218031063896097456892803601990881139758609878051453902974992565826079037475821419861201419965817085798623499106863538143346160938358702805513950828906564681025563416060698576037040458053993929267546078050350701662386353
164367077111002772806553725899848509869912344772424833107033805646039378510598796723449007218031063896097456892803601990881139758609878051453902974992565826079037475821419861201419965817085798623499106863538143346160938358702805513950828906564681025563416060698576037040458053993929267546078050350701662386989
164367077111002772806553725899848509869912344772424833107033805646039378510598796723449007218031063896097456892803601990881139758609878051453902974992565826079037475821419861201419965817085798623499106863538143346160938358702805513950828906564681025563416060698576037040458053993929267546078050350701662387671
164367077111002772806553725899848509869912344772424833107033805646039378510598796723449007218031063896097456892803601990881139758609878051453902974992565826079037475821419861201419965817085798623499106863538143346160938358702805513950828906564681025563416060698576037040458053993929267546078050350701662388031
164367077111002772806553725899848509869912344772424833107033805646039378510598796723449007218031063896097456892803601990881139758609878051453902974992565826079037475821419861201419965817085798623499106863538143346160938358702805513950828906564681025563416060698576037040458053993929267546078050350701662388337
164367077111002772806553725899848509869912344772424833107033805646039378510598796723449007218031063896097456892803601990881139758609878051453902974992565826079037475821419861201419965817085798623499106863538143346160938358702805513950828906564681025563416060698576037040458053993929267546078050350701662388991
