30247291463999037321197823107997071082835716514355694425254817704821410813984928929263878302328196698289580364036997056807632433292094991634292703401611674124660964850143093890617488214928937423283807448109744786866324017185784129045331648557909089867281224558159943375004816021633504847979797715128098306858372413582337687674009655097386048849013318606734545899320874048485614425250056320925026277673321265436850206137150473547016053595236976524929532115916151711267244384131228694088234675567243992795576143975481834788063027388620333383292421863701614414924886540152477813300678469126015705961913055512106479153421
30506569521593730398077071103135984274513284025433235197399426197521297036385838909308634133690692330721123531792766130291250551498311460713295146404131730207563145623451981374367715628820256104123821564697518900723280500637570852220134177209355720899169586252260722823191736620341723555780044767862359907623416082321278974851657171667646197550586847478565165213208214672999331974955046800157387794320750208620940351739885473761980077100686049252218078008761973432084135818023657400010918933302088811493604591033551756791929506609623827581713133437268634965392636461873728130150458985093894080039696644788404476416237
30812170003641321579328907661669583475293402298020887011999411897983755919348962219764562676999296910942108668874042362534077368720608813801718477453841504157349796310810582287220204606476678315588681782627833467747980556151088312979064203540206794536294517621708072132425249433346361526718997619023144914434431696601535607672063958038868599424513752474309791273472489626417593904449003424559842688556754464215817713975525052543796988534070326814341576253140211883259561062887438053991075913095178122031034327771693551593859663430724497866809523563487428652339228158785362224037590060875109794048394584796437371359119
31028758706745084961856003499525370354115798341266531472329432894401746310663682284356325756975886783626132402187119057047780522037304747173876884930783521672409870103604539007318880231621849842779224683922247619337511023111557636766972972194504321981424574521997627419900126624554105132706395959745265255056775396124577178610739197211090979599243683260239332519606552627382793745361977183833425732857628612426781926903333011977377740311696685727074335459432932841597001874321540144190581151334915641365300435771999598437502633287058372254578174763012155941329650539847909247665839953634524562374282241946833694047387
31028758706745084961856003499525370354115798341266531472329432894401746310663682284356325756975886783626132402187119057047780522037304747173876884930783521672409870103604539007318880231621849842779224683922247619337511023111557636766972972194504321981424574521997627419900126624554105132706395959745265255056775396124577178610739197211090979599243683260239332519606552627382793745361977183833425732857628612426781926903333011977377740311696685727074335459432932841597001874321540144190581151334915641365300435771999598437502633287058372254578174763012155941329650539847909247665839953634524562374282241946833694048747
31028758706745084961856003499525370354115798341266531472329432894401746310663682284356325756975886783626132402187119057047780522037304747173876884930783521672409870103604539007318880231621849842779224683922247619337511023111557636766972972194504321981424574521997627419900126624554105132706395959745265255056775396124577178610739197211090979599243683260239332519606552627382793745361977183833425732857628612426781926903333011977377740311696685727074335459432932841597001874321540144190581151334915641365300435771999598437502633287058372254578174763012155941329650539847909247665839953634524562374282241946833694053567
31028758706745084961856003499525370354115798341266531472329432894401746310663682284356325756975886783626132402187119057047780522037304747173876884930783521672409870103604539007318880231621849842779224683922247619337511023111557636766972972194504321981424574521997627419900126624554105132706395959745265255056775396124577178610739197211090979599243683260239332519606552627382793745361977183833425732857628612426781926903333011977377740311696685727074335459432932841597001874321540144190581151334915641365300435771999598437502633287058372254578174763012155941329650539847909247665839953634524562374282241946833694056871
31028758706745084961856003499525370354115798341266531472329432894401746310663682284356325756975886783626132402187119057047780522037304747173876884930783521672409870103604539007318880231621849842779224683922247619337511023111557636766972972194504321981424574521997627419900126624554105132706395959745265255056775396124577178610739197211090979599243683260239332519606552627382793745361977183833425732857628612426781926903333011977377740311696685727074335459432932841597001874321540144190581151334915641365300435771999598437502633287058372254578174763012155941329650539847909247665839953634524562374282241946833694057609
31028758706745084961856003499525370354115798341266531472329432894401746310663682284356325756975886783626132402187119057047780522037304747173876884930783521672409870103604539007318880231621849842779224683922247619337511023111557636766972972194504321981424574521997627419900126624554105132706395959745265255056775396124577178610739197211090979599243683260239332519606552627382793745361977183833425732857628612426781926903333011977377740311696685727074335459432932841597001874321540144190581151334915641365300435771999598437502633287058372254578174763012155941329650539847909247665839953634524562374282241946833694058989
31028758706745084961856003499525370354115798341266531472329432894401746310663682284356325756975886783626132402187119057047780522037304747173876884930783521672409870103604539007318880231621849842779224683922247619337511023111557636766972972194504321981424574521997627419900126624554105132706395959745265255056775396124577178610739197211090979599243683260239332519606552627382793745361977183833425732857628612426781926903333011977377740311696685727074335459432932841597001874321540144190581151334915641365300435771999598437502633287058372254578174763012155941329650539847909247665839953634524562374282241946833694065513
31028758706745084961856003499525370354115798341266531472329432894401746310663682284356325756975886783626132402187119057047780522037304747173876884930783521672409870103604539007318880231621849842779224683922247619337511023111557636766972972194504321981424574521997627419900126624554105132706395959745265255056775396124577178610739197211090979599243683260239332519606552627382793745361977183833425732857628612426781926903333011977377740311696685727074335459432932841597001874321540144190581151334915641365300435771999598437502633287058372254578174763012155941329650539847909247665839953634524562374282241946833694069573
31028758706745084961856003499525370354115798341266531472329432894401746310663682284356325756975886783626132402187119057047780522037304747173876884930783521672409870103604539007318880231621849842779224683922247619337511023111557636766972972194504321981424574521997627419900126624554105132706395959745265255056775396124577178610739197211090979599243683260239332519606552627382793745361977183833425732857628612426781926903333011977377740311696685727074335459432932841597001874321540144190581151334915641365300435771999598437502633287058372254578174763012155941329650539847909247665839953634524562374282241946833694074963
