10193685168696439731245645063624891670523561930541963134460558810208562549193137622454161186927141081184109870618028853723047309751518621208226536545661757
10621656030858960197909715625166747939315508518078138916721991090800328700953892008510326049216276648477532496481201769501379309069115224024687793712029591
13106824538123260228479043342443952398345956586992795940842158995922367664590156505962103789656127868754807420370499878887844401831471712107487372356494381
13320706079947057699604181154931242459992274567685268194257521742399393328162879152449927946525302509897615093032884927301266062436672863048499338442567547
13320706079947057699604181154931242459992274567685268194257521742399393328162879152449927946525302509897615093032884927301266062436672863048499338442567839
13320706079947057699604181154931242459992274567685268194257521742399393328162879152449927946525302509897615093032884927301266062436672863048499338442567847
13320706079947057699604181154931242459992274567685268194257521742399393328162879152449927946525302509897615093032884927301266062436672863048499338442568009
13320706079947057699604181154931242459992274567685268194257521742399393328162879152449927946525302509897615093032884927301266062436672863048499338442568057
13320706079947057699604181154931242459992274567685268194257521742399393328162879152449927946525302509897615093032884927301266062436672863048499338442568223
13320706079947057699604181154931242459992274567685268194257521742399393328162879152449927946525302509897615093032884927301266062436672863048499338442568639
13320706079947057699604181154931242459992274567685268194257521742399393328162879152449927946525302509897615093032884927301266062436672863048499338442568673
13320706079947057699604181154931242459992274567685268194257521742399393328162879152449927946525302509897615093032884927301266062436672863048499338442568939
13320706079947057699604181154931242459992274567685268194257521742399393328162879152449927946525302509897615093032884927301266062436672863048499338442569381
13320706079947057699604181154931242459992274567685268194257521742399393328162879152449927946525302509897615093032884927301266062436672863048499338442569479
13320706079947057699604181154931242459992274567685268194257521742399393328162879152449927946525302509897615093032884927301266062436672863048499338442569579
13320706079947057699604181154931242459992274567685268194257521742399393328162879152449927946525302509897615093032884927301266062436672863048499338442569699
13320706079947057699604181154931242459992274567685268194257521742399393328162879152449927946525302509897615093032884927301266062436672863048499338442569719
13320706079947057699604181154931242459992274567685268194257521742399393328162879152449927946525302509897615093032884927301266062436672863048499338442569777
13320706079947057699604181154931242459992274567685268194257521742399393328162879152449927946525302509897615093032884927301266062436672863048499338442569843
13320706079947057699604181154931242459992274567685268194257521742399393328162879152449927946525302509897615093032884927301266062436672863048499338442570451
13320706079947057699604181154931242459992274567685268194257521742399393328162879152449927946525302509897615093032884927301266062436672863048499338442571009
13320706079947057699604181154931242459992274567685268194257521742399393328162879152449927946525302509897615093032884927301266062436672863048499338442571049
13320706079947057699604181154931242459992274567685268194257521742399393328162879152449927946525302509897615093032884927301266062436672863048499338442571859
13320706079947057699604181154931242459992274567685268194257521742399393328162879152449927946525302509897615093032884927301266062436672863048499338442572003
13320706079947057699604181154931242459992274567685268194257521742399393328162879152449927946525302509897615093032884927301266062436672863048499338442572249
13320706079947057699604181154931242459992274567685268194257521742399393328162879152449927946525302509897615093032884927301266062436672863048499338442572887
13320706079947057699604181154931242459992274567685268194257521742399393328162879152449927946525302509897615093032884927301266062436672863048499338442572909
13320706079947057699604181154931242459992274567685268194257521742399393328162879152449927946525302509897615093032884927301266062436672863048499338442572977
13320706079947057699604181154931242459992274567685268194257521742399393328162879152449927946525302509897615093032884927301266062436672863048499338442572989
13320706079947057699604181154931242459992274567685268194257521742399393328162879152449927946525302509897615093032884927301266062436672863048499338442573077
13320706079947057699604181154931242459992274567685268194257521742399393328162879152449927946525302509897615093032884927301266062436672863048499338442573857
13320706079947057699604181154931242459992274567685268194257521742399393328162879152449927946525302509897615093032884927301266062436672863048499338442573977
13320706079947057699604181154931242459992274567685268194257521742399393328162879152449927946525302509897615093032884927301266062436672863048499338442574067
13320706079947057699604181154931242459992274567685268194257521742399393328162879152449927946525302509897615093032884927301266062436672863048499338442574573
13320706079947057699604181154931242459992274567685268194257521742399393328162879152449927946525302509897615093032884927301266062436672863048499338442574759
13320706079947057699604181154931242459992274567685268194257521742399393328162879152449927946525302509897615093032884927301266062436672863048499338442575039
13320706079947057699604181154931242459992274567685268194257521742399393328162879152449927946525302509897615093032884927301266062436672863048499338442575113
13320706079947057699604181154931242459992274567685268194257521742399393328162879152449927946525302509897615093032884927301266062436672863048499338442575501
13320706079947057699604181154931242459992274567685268194257521742399393328162879152449927946525302509897615093032884927301266062436672863048499338442575629
13320706079947057699604181154931242459992274567685268194257521742399393328162879152449927946525302509897615093032884927301266062436672863048499338442575891
13320706079947057699604181154931242459992274567685268194257521742399393328162879152449927946525302509897615093032884927301266062436672863048499338442576083
13320706079947057699604181154931242459992274567685268194257521742399393328162879152449927946525302509897615093032884927301266062436672863048499338442576127
13320706079947057699604181154931242459992274567685268194257521742399393328162879152449927946525302509897615093032884927301266062436672863048499338442576257
13320706079947057699604181154931242459992274567685268194257521742399393328162879152449927946525302509897615093032884927301266062436672863048499338442576611
13320706079947057699604181154931242459992274567685268194257521742399393328162879152449927946525302509897615093032884927301266062436672863048499338442576817
13320706079947057699604181154931242459992274567685268194257521742399393328162879152449927946525302509897615093032884927301266062436672863048499338442576941
13320706079947057699604181154931242459992274567685268194257521742399393328162879152449927946525302509897615093032884927301266062436672863048499338442578441
13320706079947057699604181154931242459992274567685268194257521742399393328162879152449927946525302509897615093032884927301266062436672863048499338442578609
13320706079947057699604181154931242459992274567685268194257521742399393328162879152449927946525302509897615093032884927301266062436672863048499338442578759
13320706079947057699604181154931242459992274567685268194257521742399393328162879152449927946525302509897615093032884927301266062436672863048499338442579659
13320706079947057699604181154931242459992274567685268194257521742399393328162879152449927946525302509897615093032884927301266062436672863048499338442579773
13320706079947057699604181154931242459992274567685268194257521742399393328162879152449927946525302509897615093032884927301266062436672863048499338442580373
13320706079947057699604181154931242459992274567685268194257521742399393328162879152449927946525302509897615093032884927301266062436672863048499338442581071
13320706079947057699604181154931242459992274567685268194257521742399393328162879152449927946525302509897615093032884927301266062436672863048499338442581699
13320706079947057699604181154931242459992274567685268194257521742399393328162879152449927946525302509897615093032884927301266062436672863048499338442582133
13320706079947057699604181154931242459992274567685268194257521742399393328162879152449927946525302509897615093032884927301266062436672863048499338442582427
13320706079947057699604181154931242459992274567685268194257521742399393328162879152449927946525302509897615093032884927301266062436672863048499338442582443
13320706079947057699604181154931242459992274567685268194257521742399393328162879152449927946525302509897615093032884927301266062436672863048499338442582469
13320706079947057699604181154931242459992274567685268194257521742399393328162879152449927946525302509897615093032884927301266062436672863048499338442582673
13320706079947057699604181154931242459992274567685268194257521742399393328162879152449927946525302509897615093032884927301266062436672863048499338442583073
13320706079947057699604181154931242459992274567685268194257521742399393328162879152449927946525302509897615093032884927301266062436672863048499338442584249
13320706079947057699604181154931242459992274567685268194257521742399393328162879152449927946525302509897615093032884927301266062436672863048499338442585077
13320706079947057699604181154931242459992274567685268194257521742399393328162879152449927946525302509897615093032884927301266062436672863048499338442585299
13320706079947057699604181154931242459992274567685268194257521742399393328162879152449927946525302509897615093032884927301266062436672863048499338442586549
